# Bron: HIVA KU Leuven voor de Europese Commissie, 'Cross-border old-age, survivors' and invalidity pensions, reference year 2024', Table 8 (bedragen in miljoen euro).
# PDF: https://hiva.kuleuven.be/nl/onderzoeksmap/thema/verzorgingsstaat/p/Docs/network-statistics-ry-2024/cross-border-pensions-reference-year-2024.pdf
# Rijen = woonland van de gepensioneerde, kolommen = betalend land. Tekst uit de PDF gehaald; de eigen kolom per rij ontbreekt.
    Table 8 - Detailed overview of the amount paid to pensioners who reside in another Member State, all type of pensions, in million , 2024
BE*** BG* CZ DK DE* EE IE**** EL ES FR HR** IT CY*** LV LT LU* HU* MT** NL AT PL PT* RO SI* SK**** FI SE        IS  LI NO CH UK*** Total
BE       0.2 0.5 3.1 124.1 0.1 0.8 0.7 22.9 372.4 0.4 36.9 0.0 0.5 0.3 428.3 0.8 0.1 436.8 3.4 7.6 4.7 1.1 0.3 0.6 1.3 2.6 0.1 0.1 2.6 23.9 17.9 1 495.1
BG  5.1      2.2 2.0 30.2 0.2 0.2 8.2 13.0 3.9 0.1 19.2 1.0 0.2 0.2 0.6 0.2 0.4 5.2 4.7 1.4 1.3 0.1 0.1 0.4 0.8 1.0 0.1 0.0 2.8 5.4 9.0 119.1
CZ  1.9 0.6      1.4 69.6 0.1 0.5 0.4 2.7 4.8 0.7 7.4 0.1 0.1 0.1 1.6 0.4 0.1 6.4 46.9 8.3 0.1 0.1 0.4 70.1 1.0 3.6 0.1 0.2 1.7 24.2 3.6 259.4
DK  1.7 0.0 0.3         57.7 0.2 0.5 0.1 2.1 4.8 0.1 1.7 0.0 0.5 0.6 6.0 0.4 0.0 8.2 1.6 4.3 0.3 0.9 0.1 0.2 4.4 39.4 17.8 0.0 80.3 8.5 11.3 254.1
DE  54.7 5.2 53.6 46.7   10.2 4.1 12.8 67.2 171.4 20.6 130.1 0.2 13.9 12.4 369.7 37.7 0.5 331.5 390.8 176.1 20.3 64.4 16.1 11.4 16.0 27.6 1.9 5.0 25.8 905.1 105.2 3 108.3
EE  0.2 0.0 0.0 0.5 1.8       0.3 0.0 0.1 0.2 0.0 0.2 0.0 2.1 0.5 0.0 0.0 0.0 0.4 0.2 0.1 0.0 0.0 0.0 0.0 43.7 2.4 0.0 0.0 2.0 0.4 0.5 55.9
IE  2.8 0.0 0.5 1.4 16.7 0.6        0.0 1.8 5.5 0.2 2.9 0.0 4.6 5.5 1.1 0.5 0.1 8.7 0.6 6.9 0.3 2.0 0.0 0.6 0.5 0.9 0.0 0.0 1.3 6.6 478.4 551.1
EL  29.9 1.0 5.3 4.5 510.6 0.1 0.3        0.7 16.8 0.0 12.9 4.4 0.1 0.1 0.9 0.9 0.0 19.5 5.7 5.1 0.2 2.1 0.0 0.1 1.9 32.0 0.1 0.5 4.0 39.5 35.7 734.7
ES 354.1 3.5 1.4 42.8 886.4 1.0 10.6 0.3       910.4 0.2 165.0 0.1 1.1 3.5 22.7 1.3 0.2 268.8 16.4 10.6 19.4 32.0 0.4 0.7 40.9 58.9 9.1 4.6 71.4 1 074.8 690.9 4 703.2
Member State of residence of the pensioner  FR 663.6 0.5 2.5 16.9 678.8 0.3 5.2 1.1 134.4   1.0 114.5 0.1 0.7 0.6 606.8 1.6 0.2 144.9 11.3 22.7 95.2 5.7 0.6 0.9 14.8 27.3 0.8 0.4 13.8 1 785.7 413.9 4 766.7
HR  3.4 0.0 0.6 2.2 478.3 0.0 0.0 0.0 0.1 10.5            28.2 0.0 0.1 0.0 1.3 0.3 0.0 11.0 82.9 0.4 0.0 0.9 95.2 0.4 0.4 5.7 0.0 0.5 2.0 103.6 1.9 830.2
IT  161.6 0.6 1.5 6.6 1 181.8 0.2 0.9 0.7 14.0 283.2 3.3  0.0 0.6 0.6 60.4 1.2 0.7 36.0 22.8 9.1 1.1 14.1 3.5 1.1 4.0 9.8 0.1 6.7 5.0 2 092.1 109.9 4 033.2
CY  1.1 0.1 0.2 0.5 5.8 0.0 0.3 5.6 0.1 2.0 0.0 9.5       0.2 0.1 0.3 0.1 0.0 1.9 1.7 0.3 0.0 0.1 0.0 0.1 0.6 1.9 0.0 0.0 1.9 3.7 122.1 160.1
LV  0.1 0.0 0.0 0.6 2.7 3.7 1.3 0.0 0.0 0.2 0.0 0.2 0.0      2.5 0.2 0.0 0.0 0.4 0.4 0.1 0.0 0.0 0.0 0.0 0.8 0.8 0.1 0.0 0.9 0.7 1.1 17.1
LT  0.3 0.0 0.1 0.6 5.7 1.5 1.8 0.1 0.9 0.2 0.1 7.8 0.0 5.0         0.1 0.0 0.0 1.0 0.2 1.0 0.0 0.0 0.0 0.0 1.0 0.6 0.3 0.0 4.6 0.8 1.2 34.8
LU  40.0 0.0 0.1 2.4 20.8 0.0 0.1 0.1 3.7 55.2 0.1 8.5 0.0 0.1 0.0     0.2 0.0 4.9 1.0 0.5 17.9 0.0 0.2 0.1 0.9 0.8 0.1 0.1 0.5 5.5 2.6 166.5
HU 10.9 0.2 0.5 1.2 121.7 0.1 0.5 0.1 1.3 5.9 0.6 8.2 0.0 0.1 0.1 1.3    0.0 25.7 98.8 1.9 0.0 42.0 0.2 5.5 2.4 6.6 0.1 0.2 2.4 40.9 4.8 384.0
MT  0.9 0.0 0.0 0.5 3.4 0.0 0.5 0.0 0.2 1.7 0.0 9.0 0.0 0.0 0.0 0.2 0.1           2.4 0.5 0.2 0.1 0.0 0.0 0.0 0.4 2.1 0.1 0.0 0.5 2.7 36.9 62.5
NL 156.3 0.1 1.5 4.3 312.9 0.1 2.0 0.4 8.9 22.6 2.2 9.4 0.0 0.5 0.7 12.1 1.3 0.1        7.5 11.0 2.7 0.5 0.4 0.5 2.7 3.7 0.4 0.1 8.7 35.2 38.0 646.7
29                                              AT  6.1 1.0 11.0 3.0 741.4 0.2 0.4 0.6 4.3 12.7 8.6 25.8 0.1 0.7 0.3 4.3 15.1 0.1 18.8        23.9 0.5 109.9 10.3 13.5 2.6 7.4 0.3 68.1 2.6 250.4 13.5 1 357.8
PL  19.7 0.3 29.6 6.4 176.4 0.1 4.8 1.0 13.3 24.2 0.2 36.3 0.2 0.3 1.1 3.6 0.7 0.1 50.8 48.4          0.1 0.1 0.1 1.9 4.4 13.0 3.6 0.1 34.3 16.0 12.3 503.4
PT  62.5 0.1 0.1 4.2 201.6 0.1 1.6 0.0 66.3 1 459.7 0.0 156.3 0.0 0.0 0.1 116.3 0.1 0.1 63.8 4.4 0.3  0.1 0.1 0.0 6.0 32.9 1.9 1.8 9.4 652.5 68.8 2 911.1
RO  5.6 0.0 0.3 0.9 33.7 0.0 0.3 1.0 30.3 8.4 0.1 101.2 0.3 0.0 0.0 0.9 3.6 0.0 5.0 12.7 0.2 1.1      0.0 0.2 0.3 1.3 0.1 0.0 1.7 8.2 1.2 219.2
SI  1.1 0.0 0.2 0.3 13.0 0.0 0.0 0.0 0.2 2.6 14.2 27.2 0.0 0.0 0.0 0.4 0.1 0.0 1.3 67.3 0.1 0.0 0.0       0.1 0.1 2.6 0.0 0.3 0.2 25.1 1.0 157.6
SK  0.7 0.1 151.5 0.2 113.4 0.0 0.5 0.0 1.1 1.6 0.3 8.2 0.1 0.1 0.0 0.8 4.8 0.2 2.5 64.7 1.8 0.0 0.1 0.2   0.4 0.7 0.1 0.2 1.4 9.3 1.1 368.8
FI  1.4 0.1 0.1 3.1 19.2 42.1 0.2 0.2 1.9 3.5 0.1 2.1 0.1 0.9 0.5 0.7 0.5 0.0 2.8 1.6 0.8 0.2 1.2 0.0 0.1           213.7 0.3 0.0 20.5 10.5 4.9 333.3
SE  6.7 0.3 3.3 107.9 78.2 2.5 0.6 0.8 5.3 12.0 1.8 5.0 0.1 1.7 1.6 3.2 4.5 0.1 22.8 7.8 19.9 1.0 3.2 1.0 0.8 97.4  12.3 0.1 258.8 20.6 17.3 698.6
IS  0.0 0.0 0.0 3.2 1.0 0.0 0.0 0.0 0.1 0.1 0.0 0.0 0.0 0.1 0.3 1.5 0.0 0.0 0.2 0.1 0.4 0.1 0.0 0.0 0.0 0.4 4.8         0.0 5.5 0.2 0.4 18.5
LI  0.0 0.0 0.0 0.0 3.1 0.0 0.0 0.0 0.0 0.3 0.0 0.2 0.0 0.0 0.0 0.1 0.0 0.0 0.1 6.2 0.0 0.0 0.0 0.0 0.0 0.0 0.0 0.0           0.0 35.1 0.1 45.4
NO  1.5 0.0 0.5 43.0 25.7 0.5 0.3 0.1 2.2 3.4 0.5 1.1 0.0 1.3 2.4 1.1 0.4 0.0 12.3 1.5 4.7 0.3 0.2 0.1 0.4 7.7 63.6 13.2 0.0              7.0 13.3 208.3
CH  18.5 0.1 8.3 5.9 300.0 0.2 0.6 0.5 20.2 201.9 1.6 126.9 0.0 0.4 0.2 7.6 2.9 0.1 27.8 61.2 3.4 13.0 0.8 1.8 2.5 10.1 9.7 0.2 51.7 4.8            31.4 914.3
UK 30.8 0.2 5.3 23.3 113.3 2.0 108.9 1.2 30.1 86.6 0.4 45.7 0.0 12.8 17.8 9.2 5.2 3.8 58.9 12.8 34.1 11.9 119.7 0.2 3.1 9.3 20.8 1.2 0.2 40.6 77.7  886.9
